451401 6114801
451393 6114798
451379 6114798
451365 6114798
451345 6114803
451338 6114805
451334 6114808
451254 6114901
451178 6114991
451085 6115103
450966 6115244
450875 6115350
450762 6115485
450646 6115626
450525 6115767
450470 6115835
450404 6115913
450356 6115970
450253 6116090
450196 6116159
450159 6116203
450111 6116260
450031 6116354
449938 6116467
449875 6116542
449826 6116599
449791 6116640
449723 6116724
449676 6116779
449629 6116834
449534 6116946
449478 6117012
449389 6117119
449316 6117206
449197 6117351
449068 6117503
448973 6117613
448958 6117639
448947 6117662
448930 6117684
448908 6117703
448877 6117718
448819 6117743
448793 6117755
448770 6117772
448734 6117803
448673 6117859
448622 6117909
448591 6117938
448563 6117959
448536 6117972
448517 6117978
448509 6117983
448503 6117992

450979 6114773
450980 6114756
450980 6114731
450979 6114724
450979 6114682
450977 6114660
450982 6114642
450981 6114623
450984 6114617
450989 6114609
450988 6114598
450980 6114583
450979 6114574
450983 6114567
450989 6114559
450968 6114549
450940 6114543
450924 6114533
450906 6114519
450882 6114511
450866 6114500
450849 6114485
450818 6114474
450800 6114463
450789 6114458
450773 6114455
450756 6114447
450736 6114429
450718 6114420
450703 6114414
450690 6114403
450685 6114390

451334 6114808
451329 6114802
451322 6114797
451313 6114798
451300 6114806
451285 6114816
451278 6114824
451273 6114830
451264 6114835
451233 6114864
451218 6114882
451188 6114906
451154 6114932
451145 6114939
451128 6114949
451106 6114966
451085 6114984
451065 6114993
451037 6115002
451010 6115012
450996 6115016
450985 6115017
450977 6115016
450965 6115009
450957 6115000
450947 6114993
450934 6114983
450919 6114968
450909 6114956
450900 6114949
450878 6114936
450865 6114929
450857 6114921
450843 6114907
450832 6114900
450806 6114889
450789 6114885
450774 6114883
450760 6114879
450742 6114872
450711 6114852
450698 6114843
450682 6114837
450640 6114816
450629 6114809
450624 6114803
450620 6114796
450619 6114782
450618 6114708
450620 6114686
450620 6114657
450620 6114650
450623 6114640
450621 6114612
450619 6114597
450616 6114581
450613 6114573
450664 6114404
450673 6114395
450691 6114385
450697 6114378
450702 6114361
450706 6114351
450720 6114335
450731 6114319
450740 6114303
450754 6114291
450772 6114273
450783 6114261
450814 6114235
450845 6114215
450854 6114197
450857 6114181
450864 6114167
450866 6114153
450866 6114137
450870 6114133
450882 6114123
450916 6114120
450954 6114123
450989 6114123
450997 6114117
451004 6114100
451007 6114082
451018 6114075
451034 6114074
451135 6114076
451197 6114073
451214 6114072
451229 6114074
451242 6114069
451245 6114066
451252 6114064
451255 6114068
451254 6114087
451255 6114098
451260 6114109
451260 6114119
451258 6114143
451259 6114169
451259 6114181
451251 6114209
451261 6114207
451278 6114199
451302 6114189
451317 6114181
451331 6114163
451352 6114140
451362 6114135
451373 6114134
451380 6114138
451389 6114166
451392 6114203
451396 6114228
451394 6114260
451390 6114284
451390 6114293
451380 6114318
451380 6114367
451366 6114432
451369 6114458
451384 6114502
451385 6114514
451381 6114531
451382 6114556
451378 6114585
451379 6114599
451373 6114611
451376 6114635
451368 6114653
451350 6114714
451347 6114727
451348 6114739
451346 6114746
451348 6114760
451346 6114771
451339 6114778
451331 6114785
451328 6114793
451329 6114801

448953 6117648
448951 6117639
448949 6117630
448949 6117612
448957 6117582
448976 6117507
448993 6117433
449024 6117326
449052 6117216
449068 6117148
449090 6117051
449119 6116933
449135 6116854
449163 6116730
449193 6116615
449221 6116502
449235 6116452
449246 6116422
449254 6116404
449327 6116283
449382 6116191
449396 6116166
449402 6116149
449404 6116133
449399 6116112
449348 6116004
449232 6115768
449129 6115567
449125 6115555
449129 6115546
449133 6115540
449142 6115534
449156 6115533
449172 6115531
449192 6115514
449207 6115502
449207 6115492
449205 6115483
449194 6115466
449184 6115452
449175 6115446
449150 6115435
449140 6115429
449129 6115414
449121 6115397
449105 6115373
449061 6115326
449051 6115311
449048 6115298
449055 6115273
449072 6115191
449081 6115170
449108 6115085
449115 6115058
449151 6114935
449202 6114752
449281 6114471
449341 6114255
449406 6114021
449427 6113944
449431 6113940
449437 6113938
449448 6113940
449477 6113947
449498 6113945
449524 6113937
449551 6113935
449589 6113928
449618 6113923
449643 6113922
449659 6113934
449673 6113931
449707 6113926
449731 6113926
449767 6113927
449780 6113935
449791 6113942
449810 6113941
449831 6113938
449851 6113938

450464 6115035
450454 6115031
450431 6115030
450412 6115030
450405 6115031
450396 6115030
450388 6115025
450380 6115019
450369 6115013
450356 6115009
450343 6115009
450314 6115009
450281 6115000
450261 6114995
450244 6114995

450466 6115035
450482 6115027
450507 6115023
450518 6115021
450533 6115014
450556 6115010
450573 6115007
450591 6115011
450615 6115020
450627 6115022
450631 6115021

449768 6114707
449766 6114728
449766 6114743
449763 6114752
449756 6114764
449746 6114774
449742 6114779
449742 6114785
449739 6114789

449636 6114697
449633 6114671
449629 6114651
449625 6114643
449630 6114634
449628 6114619
449621 6114606
449621 6114596
449626 6114576

448607 6114640
448625 6114627
448645 6114604
448656 6114586
448676 6114562
448691 6114550
448695 6114541
448707 6114523
448715 6114516
448717 6114507
448723 6114495
448721 6114485
448723 6114471
448726 6114464
448733 6114459
448745 6114454
448753 6114439
448761 6114407
448765 6114379
448763 6114371
448758 6114368

450250 6113889
450263 6113915
450267 6113929
450261 6113938
450261 6113947
450262 6113958
450254 6113973
450252 6113989
450260 6113998
450268 6114017
450278 6114035
450280 6114045
450281 6114060
450290 6114069
450305 6114081
450326 6114096
450337 6114099
450350 6114102
450360 6114107
450371 6114124
450378 6114133
450386 6114133
450388 6114140

450630 6114143
450638 6114141
450646 6114145
450656 6114152
450670 6114154
450684 6114153
450697 6114156
450712 6114147
450744 6114135
450750 6114136

448773 6114002
448782 6114009
448793 6114007
448805 6114011
448820 6114008
448835 6114003
448857 6114000
448877 6113992
448892 6113994
448900 6113998
448916 6113989
448933 6113990
448956 6113997
448985 6114001
449003 6114003
449016 6114008
449035 6114006
449060 6114001
449083 6113995
449097 6114001
449110 6114005
449126 6113998
449140 6113988
449164 6113987
449172 6113983
449190 6113977
449206 6113967
449217 6113970
449225 6113966
449229 6113959
449245 6113955
449265 6113960
449287 6113960
449302 6113966
449317 6113969
449330 6113962
449346 6113957
449361 6113961
449372 6113960
449381 6113959
449398 6113960
449406 6113968
449414 6113985

449511 6113640
449499 6113647
449486 6113647
449478 6113647
449463 6113653
449452 6113651
449432 6113648
449419 6113638
449403 6113623
449393 6113617
449379 6113614
449371 6113614
449357 6113611
449345 6113613
449322 6113618
449314 6113617
449306 6113614
449298 6113614
449288 6113619
449272 6113621
449259 6113619
449239 6113620
449228 6113623
449217 6113624
449210 6113620
449198 6113614
449190 6113604
449184 6113600
449179 6113600

452694 6116518
452704 6116520
452721 6116517
452731 6116512
452747 6116515
452768 6116520
452787 6116526
452799 6116528
452813 6116523
452823 6116523
452828 6116530
452836 6116531
452846 6116527
452863 6116529
452877 6116535
452900 6116557
452907 6116572
452864 6116739
452862 6116754
452857 6116759
452851 6116761

449921 6113601
449918 6113582
449919 6113570
449926 6113557
449937 6113546
449945 6113531
449952 6113519

450296 6113603
450275 6113613
450249 6113624
450237 6113631

450681 6113608
450692 6113615
450706 6113627
450715 6113637
450728 6113652
450739 6113661
450756 6113669
450768 6113666
450784 6113658
450797 6113646
450808 6113643
450831 6113640
450857 6113634
450906 6113633

450941 6113533
450960 6113541
450995 6113558
451008 6113569
451020 6113584
451031 6113592
451046 6113602

451451 6113606
451452 6113599
451458 6113591
451461 6113582
451459 6113572
451465 6113557
451469 6113543
451482 6113527
451481 6113514
451484 6113502
451490 6113487
451498 6113478
451500 6113468
451490 6113439
451489 6113433
451492 6113423
451490 6113417
451474 6113396
451472 6113386
451472 6113375
451471 6113369
451467 6113356
451463 6113345
451461 6113330
451459 6113309
451466 6113291
451464 6113279
451458 6113265
451451 6113250
451446 6113236
451446 6113225
451448 6113217
451447 6113209
451445 6113197

452310 6113646
452286 6113638
452273 6113636
452252 6113627
452234 6113618
452218 6113619
452203 6113617
452193 6113613
452182 6113604
452177 6113602

450687 6115572
450675 6115566
450669 6115561
450661 6115552
450650 6115544
450641 6115542
450631 6115547

450897 6115326
450921 6115335
450946 6115362
450970 6115388
451006 6115439

451650 6115902
451649 6115894
451652 6115885
451659 6115856
451671 6115813
451676 6115797
451685 6115776
451688 6115758
451695 6115740
451700 6115719
451725 6115625
451732 6115603
451737 6115582
451741 6115571
451743 6115557
451746 6115540
451754 6115536
451768 6115536
451783 6115533
451792 6115531
451806 6115536
451821 6115537
451829 6115537
451844 6115533
451857 6115535
451872 6115540
451882 6115540
451893 6115534
451901 6115524
451912 6115523
451923 6115526
451945 6115528
451961 6115530
451972 6115527
451979 6115524
451992 6115529
452007 6115529
452018 6115526
452035 6115524
452045 6115534
452050 6115542
452057 6115544
452068 6115545
452075 6115542
452087 6115535
452097 6115537
452103 6115539
452115 6115537
452119 6115537
452124 6115543

452505 6115545
452498 6115548
452496 6115554
452497 6115563
452496 6115574
452488 6115583
452480 6115592
452470 6115598
452462 6115611
452455 6115639
452459 6115652
452463 6115664
452459 6115684
452453 6115727
452455 6115749
452452 6115789
452436 6115809
452429 6115822
452413 6115835
452404 6115851
452403 6115868
452402 6115905

450816 6115230
450822 6115235
450833 6115239
450841 6115245
450847 6115254
450860 6115263
450879 6115270
450901 6115280
450918 6115286
450924 6115289

452228 6114843
452229 6114872
452225 6114900
452213 6114933
452205 6114960
452193 6115014
452192 6115040
452194 6115068
452197 6115092
452191 6115120
452174 6115176
452168 6115194
452156 6115209
452136 6115225
452126 6115232

449135 6112630
449142 6112637
449161 6112648
449169 6112653
449176 6112644
449192 6112644
449228 6112644
449254 6112636
449279 6112640
449294 6112655
449322 6112684
449340 6112692
449368 6112703
449383 6112709
449397 6112719
449406 6112726
449430 6112735
449459 6112744
449470 6112747
449496 6112743
449506 6112738
449524 6112735
449544 6112731
449564 6112731
449583 6112727
449610 6112723
449624 6112725
449634 6112727
449648 6112725
449660 6112727
449701 6112728
449733 6112728
449750 6112726
449766 6112725

449787 6112650
449801 6112651
449818 6112645
449833 6112642
449845 6112634
449853 6112627
449871 6112616
449882 6112616
449897 6112622
449919 6112625

450646 6112637
450668 6112635
450678 6112642
450698 6112645
450717 6112650
450731 6112649
450743 6112647
450758 6112650
450772 6112655
450789 6112655
450803 6112661
450821 6112671
450841 6112678
450908 6112698
450928 6112706
450950 6112720
450962 6112728
450974 6112733
450988 6112739
451008 6112736
451024 6112737
451051 6112742
451083 6112749
451124 6112765
451164 6112772
451175 6112774

451418 6112626
451416 6112625
451400 6112628
451374 6112637
451348 6112644
451328 6112639
451313 6112638
451308 6112631
451302 6112617
451293 6112610
451282 6112607
451271 6112605
451259 6112598
451243 6112597
451233 6112599

449553 6111971
449510 6111971
449522 6111930
449573 6111937
449661 6111950
449779 6111969
449795 6111966
449811 6111969
449842 6111978
449895 6111986
449920 6111991
449930 6111994
449968 6111997

451052 6111982
451041 6111992
451035 6111995
451027 6111995
451020 6111990
451011 6111988
451004 6111987
450997 6111990
450991 6111992
450979 6111996
450973 6112002
450969 6112010
450964 6112024
450963 6112032
450966 6112040
450974 6112062
450978 6112072
450978 6112084
450976 6112095
450979 6112108
450979 6112120
450974 6112136
450972 6112149

451793 6111981
451769 6111989
451744 6111996
451726 6112000
451712 6112013
451701 6112019
451691 6112029
451682 6112034
451675 6112035
451664 6112033
451658 6112028
451652 6112026
451633 6112023
451619 6112020
451597 6112017
451579 6112003
451565 6112000
451546 6112000
451531 6112004
451507 6112011
451495 6112012
451483 6112008
451466 6112009
451454 6112008
451435 6112008
451420 6112011
451416 6112016

450113 6111474
450104 6111456
450097 6111446
450094 6111433
450093 6111420
450088 6111411
450081 6111404
450074 6111397
450070 6111387
450064 6111379
450056 6111366
450048 6111355
450038 6111351
450026 6111350
450016 6111344
449975 6111335
449955 6111328
449944 6111327
449943 6111310
449939 6111306
449929 6111307
449918 6111325
449897 6111324
449890 6111326

450638 6111334
450612 6111336
450604 6111338
450592 6111350
450583 6111353
450577 6111365
450561 6111380
450540 6111418
450525 6111445
450525 6111463
450528 6111485
450528 6111506
450525 6111523
450526 6111540
450533 6111571

451390 6111329
451405 6111328
451425 6111332
451439 6111337
451454 6111340
451476 6111356
451486 6111366
451492 6111377
451504 6111378
451520 6111372
451531 6111370
451542 6111374
451547 6111379
451563 6111381
451586 6111385
451600 6111393
451607 6111399

452874 6113932
452863 6113959
452855 6113984
452852 6113994
452836 6114010
452832 6114020
452830 6114039
452820 6114049
452812 6114065
452805 6114083
452797 6114094
452789 6114101
452782 6114105
452776 6114114
452766 6114118
452756 6114133
452741 6114156
452735 6114175
452732 6114194
452729 6114205
452722 6114215
452713 6114230
452701 6114258
452697 6114266
452687 6114279
452681 6114296
452675 6114314
452665 6114335
452662 6114345
452652 6114380
452646 6114393
452638 6114409
452634 6114414
452632 6114432
452630 6114448
452625 6114460
452622 6114477
452622 6114492
452611 6114509
452600 6114523
452585 6114551
452577 6114563
452570 6114568
452558 6114572

449429 6113940
449584 6113370
449735 6112834
449893 6112270
450036 6111749
450125 6111437
450272 6110896
450330 6110703

450069 6116309
450073 6116282
450355 6115388
450580 6114664
450632 6114508
450680 6114352
450688 6114328
450694 6114311
450702 6114291
450718 6114234
450743 6114157
450800 6113973
450825 6113895
450885 6113710
450908 6113637
450941 6113528
450974 6113424
451006 6113321
451039 6113213
451171 6112798
451352 6112227
451528 6111655
451647 6111275

449465 6113212
449848 6113208
450500 6113202
451013 6113198
451302 6113195
451580 6113193
452046 6113188
452472 6113187
453161 6113180

449978 6111655
450328 6111656
450380 6111656
450420 6111646
450444 6111624
450470 6111594
450488 6111583
450528 6111572
450558 6111573
450593 6111578
450620 6111587
450643 6111603
450663 6111621
450689 6111648
450709 6111659
450758 6111663
450869 6111658
451218 6111659
451606 6111661
451955 6111662

449963 6112015
449968 6112006
449979 6112002
449993 6112002
450023 6112007
450104 6112019
450186 6112031
450303 6112048
450545 6112085
450620 6112096
450643 6112103
450695 6112108
450829 6112130
451137 6112177
451211 6112186
451244 6112195
451273 6112195
451354 6112209
451455 6112224
451597 6112243
451623 6112251
451670 6112253
451713 6112263
451872 6112284
452028 6112312
452097 6112325
452153 6112330
452260 6112347

450537 6113755
450424 6113710
450237 6113631
450069 6113566
449948 6113517
449748 6113435
449643 6113394
449459 6113320

450722 6113833
450731 6113835
450737 6113836
450741 6113839
450747 6113841
450998 6113942
451022 6113953
451038 6113955
451063 6113966
451095 6113980
451158 6114006
451224 6114029
451256 6114047
451278 6114052
451309 6114067
451379 6114097
451517 6114151
451625 6114194
451645 6114206
451670 6114213
452085 6114381
452113 6114392
452129 6114401
452148 6114406
452167 6114415
452198 6114427
452312 6114474
452468 6114536
452728 6114642
452990 6114746
453142 6114810
453372 6114903
453385 6114907
453419 6114921
453437 6114928

452813 6113052
452617 6113283
452167 6113819
451749 6114313
451338 6114805

448633 6114897
448675 6114903
448752 6114932
448981 6115010
449278 6115113
449537 6115204
449562 6115212
449572 6115210
449594 6115195
449614 6115185
449628 6115183
449637 6115190
449644 6115205
449657 6115242
449673 6115249
450010 6115366
450068 6115386
450263 6115481
450412 6115556
450538 6115618
450837 6115767
451126 6115908
451713 6116199
452151 6116419
452515 6116597
452913 6116792
453111 6116890

448596 6114639
448635 6114644
448704 6114649
448778 6114652
448964 6114662
449395 6114687
449780 6114705
449999 6114721
450171 6114729
450179 6114731
450196 6114742
450209 6114742
450221 6114738
450247 6114735
450305 6114735
450337 6114738
450345 6114731
450360 6114740
450388 6114738
450433 6114742
450473 6114747
450503 6114744
450594 6114752
450675 6114759
450725 6114758
450777 6114763
450872 6114766
450899 6114770
450926 6114769
450970 6114772
450999 6114775
451034 6114776
451070 6114779
451119 6114780
451155 6114784
451268 6114788
451313 6114794
451327 6114797
451334 6114808

450722 6113833
450701 6113838
450666 6113853
450654 6113856
450642 6113856
450630 6113853
450615 6113851
450595 6113853
450574 6113860
450556 6113863
450530 6113860
450513 6113856
450502 6113849
450476 6113849
450435 6113855
450408 6113864
450395 6113864
450367 6113872
450356 6113873
450322 6113868
450305 6113869
450252 6113886
450213 6113904
450194 6113911
450151 6113917
450102 6113917
450046 6113931
450029 6113935
450004 6113930
449964 6113925
449954 6113928
449933 6113942
449921 6113954
449910 6113958
449890 6113959
449871 6113958
449861 6113951
449851 6113938

451403 6114797
451541 6114806
451810 6114822
451942 6114826
452317 6114849
452904 6114879
453165 6114895
453342 6114903

450683 6114333
450653 6114362
450590 6114410
450505 6114472
450454 6114515
450430 6114531
450402 6114555
450378 6114571
450368 6114575
450355 6114593
450299 6114633
450232 6114686
450191 6114717
450124 6114767
450052 6114824
449985 6114878
449956 6114901
449850 6114984
449766 6115050
449644 6115149
449627 6115164
449621 6115180
449619 6115184

451579 6116133
451630 6115956
451644 6115911
451648 6115903
451655 6115899
451668 6115898
451679 6115900
451695 6115900
451719 6115899
451732 6115899
451754 6115902
451773 6115902
451788 6115901
451804 6115899
451824 6115901
451840 6115898
451892 6115901
451916 6115901
451943 6115900
451956 6115899
451998 6115901
452013 6115902
452028 6115900
452045 6115902
452070 6115900
452107 6115904
452145 6115903
452165 6115903
452177 6115902
452232 6115904
452284 6115901
452322 6115900
452364 6115900
452384 6115908
452415 6115903
452437 6115903
452472 6115902
452543 6115902
452560 6115905
452612 6115904
452674 6115904
452747 6115902

450277 6116063
450107 6115948
449932 6115822
449702 6115656
449557 6115552
449501 6115515
449431 6115463
449268 6115346
449048 6115189
448956 6115124
448767 6114991
448633 6114897

451117 6115062
451118 6115053
451113 6115045
451102 6115040
451090 6115038
451080 6115039
451072 6115037
451066 6115032
451053 6115028
451003 6115014

450345 6114731
450341 6114723
450322 6114714
450309 6114709
450298 6114693
450281 6114670
450272 6114656

451256 6114047
451249 6114065

449849 6115308
449854 6115288
449857 6115271
449861 6115258
449864 6115244
449869 6115230
449871 6115228

449365 6116040
449402 6116021
449414 6116020
449426 6116015
449441 6116004
449451 6115989
449452 6115971
449455 6115961
449457 6115947
449463 6115937
449478 6115926
449494 6115920
449496 6115915
449491 6115901
449484 6115884
449501 6115872
449484 6115884
449479 6115879
449465 6115857
449448 6115826
449430 6115794
449405 6115737
449384 6115695
449356 6115641
449323 6115570
449302 6115523
449292 6115501
449280 6115485
449274 6115478
449266 6115477
449255 6115480
449245 6115486
449223 6115498
449215 6115502
449207 6115502

450607 6115227
450610 6115241
450615 6115247
450623 6115254
450627 6115265
450629 6115282
450629 6115302
450628 6115317
450630 6115337
450637 6115352
450649 6115369
450665 6115383
450674 6115386
450693 6115402
450710 6115414
450726 6115424
450760 6115437
450773 6115444
450778 6115450
450782 6115459

450607 6113853
450600 6113877
450600 6113892
450603 6113912
450611 6113922

449495 6114583
449493 6114593
449495 6114605
449496 6114619
449499 6114628
449501 6114638
449500 6114645
449495 6114649
449476 6114667
449467 6114678
449463 6114685
449463 6114689

450267 6114657
450262 6114650
450261 6114645
450261 6114636
450260 6114626
450256 6114614
450249 6114598
450241 6114587

450326 6114096
450329 6114125
450329 6114140
450322 6114152
450316 6114159
450291 6114154
450254 6114143

451639 6114446
451674 6114479
451690 6114500
451703 6114508
451712 6114525
451721 6114531
451736 6114550
451751 6114568

451131 6115049
451144 6115059
451158 6115064
451176 6115068
451203 6115079
451223 6115091
451237 6115102
451251 6115125
451280 6115161
451295 6115164
451311 6115174
451326 6115184
451337 6115189
451350 6115192
451359 6115198
451367 6115205
451377 6115221

451356 6114087
451359 6114054
451356 6114033
451361 6114007
451362 6113973
451358 6113946
451371 6113929

450206 6115857
450251 6115871

451005 6115850
451005 6115868
450999 6115872

450894 6113682
450997 6113707

451749 6114818
451747 6115006

451707 6114228
451747 6114143

